1 3 26
44 5843
39 595
29 9633
3 1 8
47 7867
2 3 41
9 6321
46 4695
15 456
4 2 9
6 3172
27 504
3 1 30
12 4026
4 2 20
3 5284
38 5941
1 3 7
29 7118
48 7887
38 8195
2 1 50
48 322
4 4 43
38 1259
29 3119
38 1892
46 3411
4 3 13
28 8603
5 520
39 3664
1 4 13
36 6546
7 6718
50 6559
18 5121
3 2 13
8 4081
43 5628
4 2 23
30 2978
40 2645
1 3 1
26 1831
16 8925
39 5878
1 2 37
29 6284
45 8198
2 4 20
18 5623
2 3560
2 3121
45 3077
4 1 16
49 478
1 2 3
43 8565
27 8331
4 2 15
30 7618
48 4924
1 4 40
35 220
14 4639
31 3966
9 5477
3 2 50
9 2211
29 1621
3 4 13
26 4909
43 321
48 9510
1 366
4 3 31
12 6917
17 6031
31 4005
2 2 16
40 6991
28 1790
1 1 20
21 9952
1 1 29
11 9728
1 3 37
1 9626
45 7227
8 7006
4 3 39
27 1881
2 3724
46 6243
1 2 34
17 4817
4 5487
2 4 22
48 4918
49 6749
28 7187
49 155
1 1 12
39 1872
3 4 48
20 9380
24 4767
24 9139
43 6358
4 1 11
44 3827
3 4 27
35 1265
25 3363
1 5323
17 6831
1 4 21
23 8720
47 3272
41 1778
45 8257
4 4 49
9 440
8 5971
35 1737
38 7901
2 1 17
37 9136
3 3 5
50 4762
35 2070
36 6256
4 1 46
48 1004
1 2 39
2 2809
31 8410
1 3 48
18 7470
10 1142
36 5398
1 1 10
33 454
1 2 25
9 9424
45 2620
1 1 24
24 4993
2 2 2
46 1487
34 13
4 4 34
45 8497
19 8742
25 123
1 758
2 4 26
3 87
2 5497
6 5222
41 2681
2 4 45
23 3287
42 6011
22 4006
44 9925
2 3 21
8 2431
46 4780
33 4303
1 4 30
12 547
31 5710
2 5855
1 5933
0 0 0
